7.593539452765623449e-03
-7.663112346299325722e-03
-7.304509721445622689e-03
2.672345013611538127e-03
-2.973472696697146162e-03
1.149963343719928067e-02
-5.434051931232451900e-03
5.188128004703947485e-03
1.063949300681520972e-02
2.567201558650763528e-03
-7.477956319211628497e-03
-7.937695123322355620e-03
6.796757687540697611e-03
3.215450093925871326e-03
-2.415304458370211207e-03
-2.534358143857720885e-03
-3.159115143541691654e-03
2.603087259838899551e-03
6.311329179556362037e-03
-2.381331124885617458e-03
-5.732212829631059582e-03
-2.058384334075024930e-03
9.823446474346315266e-03
2.457898603308927149e-03
-7.052733300386323503e-04
-7.269805456263297170e-04
6.545604925850954936e-03
1.149817614364264783e-03
5.132403783107498778e-03
-8.443142991470461989e-03
1.185957349498246820e-02
1.279415916443922899e-02
-1.784879505962485517e-03
-1.174993245112034707e-02
1.930656808238548133e-03
6.274797516364150583e-03
-3.066376518170115320e-03
-5.607578264022800366e-03
2.922652076435370162e-04
7.883085881034928785e-03
7.518255282795292122e-03
5.774244868382022965e-03
-6.353152918904042198e-03
9.520314570270589638e-03
-6.733860442174608926e-03
2.398252410697209944e-02
3.625333888082419784e-03
-7.089620868264904889e-03
-1.124829901247459754e-02
-1.078662460388843348e-03
-1.674270160525945586e-02
-6.741622068067034713e-03
-1.451967072822923878e-03
8.385913877101911981e-03
-1.155310158068193968e-02
8.841566150573184485e-03
-2.201846277481220304e-02
-5.193982063227655516e-03
4.281079849742817044e-03
-8.699881642571542437e-03
-2.844941252734244259e-03
1.789345297175480229e-02
9.309347242732010641e-03
2.443324866609214267e-03
-1.284490799574011105e-02
-5.495689294439409268e-03
-3.397622372559732404e-04
1.266930099573265571e-02
8.416293932374049533e-03
5.418632161636465112e-03
9.719836052229105516e-03
7.972788072849448446e-03
-2.980049060739610196e-03
-1.961871848728975569e-03
6.422762826559910189e-03
-4.777593126843012773e-03
-7.555320711701373100e-03
7.096424014456876282e-03
1.386976243261811570e-02
-2.441042487773483101e-03
-1.006985117610080353e-02
7.664281115264457919e-03
1.331567449239354217e-02
9.163389621420291176e-03
-3.638659136497989378e-03
-1.155242496081326960e-02
-6.157268405881106965e-03
1.023310255180227141e-02
1.343026884618941669e-03
-1.893347532723021337e-02
4.364592254616824624e-03
1.049622927807427643e-02
1.663096874887751197e-05
-1.637806818747104083e-03
-5.215155735974567712e-03
-3.257306955183620310e-03
1.073892909300986666e-02
2.797454953094418058e-03
9.209277282763175809e-03
1.650505288514586208e-02
