1.173335889417235434e+00
2.345766005769523765e+00
1.276461280610649895e+00
2.150832662818754404e+00
1.849686642429135830e+00
5.730204865503377709e-01
9.812577931065898929e-01
9.813359968901190777e-01
1.755157916924410255e+00
9.138674126870685033e-01
-4.306381964471361345e-01
1.542462821627092806e+00
3.888385698428172277e-01
-8.060429162306970152e-02
-2.012959344121812988e-01
3.749689611354725671e-01
4.798582960176463186e-02
-6.143913729228525078e-01
8.592223300084006476e-02
-3.330212860741082470e-01
-1.578745649844545407e-01
-1.807122971124910604e+00
-9.237977402655780379e-01
-2.608181573389958263e+00
-2.707511391201126827e+00
-3.218966762448984387e+00
-3.357494417517439267e+00
